0 0.000001 0.000001 0.000000 
10 0.000030 0.000008 0.000049 
20 0.000195 0.000011 0.000023 
30 0.000245 0.000012 0.000033 
40 0.000722 0.000019 0.000058 
50 0.000852 0.000022 0.000064 
60 0.000502 0.000025 0.000074 
70 0.000895 0.000032 0.000138 
80 0.002798 0.000035 0.000107 
90 0.002303 0.000039 0.000125 
100 0.000689 0.000046 0.000141 
110 0.002485 0.000048 0.000146 
120 0.001330 0.000117 0.000150 
130 0.002530 0.000077 0.000168 
140 0.004696 0.000061 0.000182 
150 0.007181 0.000070 0.000202 
160 0.004808 0.000079 0.000231 
170 0.007967 0.000091 0.000244 
180 0.007512 0.000084 0.000270 
190 0.004209 0.000092 0.000288 
200 0.004755 0.000095 0.000294 
210 0.003295 0.000098 0.000300 
220 0.003944 0.000107 0.000308 
230 0.005750 0.000120 0.000329 
240 0.009144 0.000115 0.000328 
250 0.003977 0.000131 0.000338 
260 0.006452 0.000128 0.000391 
270 0.003154 0.000129 0.000369 
280 0.005700 0.000136 0.000390 
290 0.002905 0.000141 0.000406 
300 0.007465 0.000146 0.000426 
310 0.012819 0.000153 0.000443 
320 0.002842 0.000170 0.000467 
330 0.010067 0.000168 0.000514 
340 0.006707 0.000173 0.000553 
350 0.006962 0.000172 0.000528 
360 0.006959 0.000176 0.000539 
370 0.008219 0.000192 0.000572 
380 0.008042 0.000239 0.000592 
390 0.018291 0.000202 0.000624 
400 0.007990 0.000202 0.000632 
410 0.006627 0.000219 0.000668 
420 0.009924 0.000217 0.000634 
430 0.008177 0.000238 0.000637 
440 0.003532 0.000225 0.000658 
450 0.004948 0.000228 0.000662 
460 0.006348 0.000238 0.000723 
470 0.008648 0.000237 0.000749 
480 0.008839 0.000259 0.000709 
490 0.014313 0.000251 0.000706 
500 0.006932 0.000251 0.000759 
510 0.010265 0.000269 0.000738 
520 0.011733 0.000265 0.000738 
530 0.015016 0.000273 0.000762 
540 0.009553 0.000278 0.000797 
550 0.004628 0.000293 0.000807 
560 0.015397 0.000294 0.000828 
570 0.008762 0.000300 0.000835 
580 0.009478 0.000301 0.000860 
590 0.005627 0.000305 0.000878 
600 0.008610 0.000313 0.000903 
610 0.006087 0.000320 0.000945 
620 0.011628 0.000329 0.000965 
630 0.005452 0.000328 0.000984 
640 0.009323 0.000336 0.000977 
650 0.009099 0.000352 0.000995 
660 0.011318 0.000350 0.001035 
670 0.012209 0.000352 0.001050 
680 0.006893 0.000357 0.001058 
690 0.009913 0.000363 0.001079 
700 0.008916 0.000359 0.001121 
710 0.007187 0.000397 0.001175 
720 0.009033 0.000379 0.001140 
730 0.005541 0.000391 0.001160 
740 0.009293 0.000403 0.001208 
750 0.008551 0.000418 0.001229 
760 0.007089 0.000404 0.001253 
770 0.005994 0.000421 0.001236 
780 0.014286 0.000420 0.001246 
790 0.010154 0.000421 0.001275 
800 0.006033 0.000442 0.001285 
810 0.012020 0.000445 0.001315 
820 0.006752 0.000448 0.001271 
830 0.012496 0.000475 0.001319 
840 0.004869 0.000451 0.001316 
850 0.010423 0.000461 0.001336 
860 0.010871 0.000470 0.001333 
870 0.013529 0.000490 0.001348 
880 0.005794 0.000477 0.001369 
890 0.014421 0.000481 0.001379 
900 0.016782 0.000481 0.001406 
910 0.014568 0.000504 0.001402 
920 0.005194 0.000504 0.001420 
930 0.008224 0.000510 0.001436 
940 0.007942 0.000523 0.001423 
950 0.007570 0.000532 0.001451 
960 0.015462 0.000536 0.001473 
970 0.006917 0.000541 0.001464 
980 0.014459 0.000549 0.001462 
990 0.013958 0.000554 0.001471 
1000 0.009335 0.000572 0.001543 
1010 0.014905 0.000569 0.001480 
1020 0.008324 0.000579 0.001511 
1030 0.014407 0.000557 0.001575 
1040 0.016894 0.000578 0.001524 
1050 0.020125 0.000577 0.001581 
1060 0.019477 0.000584 0.001587 
1070 0.022103 0.000599 0.001630 
1080 0.017438 0.000589 0.001617 
1090 0.007618 0.000610 0.001648 
1100 0.030542 0.000616 0.001693 
1110 0.010906 0.000622 0.001702 
1120 0.007816 0.000637 0.001740 
1130 0.014757 0.000648 0.001753 
1140 0.011344 0.000642 0.001737 
1150 0.013401 0.000649 0.001787 
1160 0.009857 0.000680 0.001808 
1170 0.022579 0.000675 0.001821 
1180 0.039952 0.000674 0.001829 
1190 0.012872 0.000675 0.001889 
1200 0.009008 0.000685 0.001902 
1210 0.004044 0.000681 0.001934 
1220 0.021354 0.000687 0.001921 
1230 0.006042 0.000691 0.001931 
1240 0.011774 0.000726 0.001945 
1250 0.014728 0.000713 0.001995 
1260 0.013500 0.000713 0.002031 
1270 0.009616 0.000721 0.002046 
1280 0.016141 0.000767 0.002053 
1290 0.018734 0.000783 0.002089 
1300 0.013155 0.000780 0.002138 
1310 0.010393 0.000724 0.002097 
1320 0.010092 0.000867 0.002409 
1330 0.011225 0.000760 0.002193 
1340 0.018969 0.000770 0.002212 
1350 0.017266 0.000780 0.002271 
1360 0.022404 0.000773 0.002269 
1370 0.014619 0.000801 0.002273 
1380 0.024211 0.000781 0.002276 
1390 0.023982 0.000805 0.002274 
1400 0.017769 0.000824 0.002313 
1410 0.022516 0.000836 0.002308 
1420 0.019410 0.000804 0.002351 
1430 0.023319 0.000856 0.002385 
1440 0.010632 0.000829 0.002433 
1450 0.025830 0.000851 0.002411 
1460 0.015685 0.000837 0.002447 
1470 0.016056 0.000863 0.002426 
1480 0.023598 0.000850 0.002469 
1490 0.012170 0.000865 0.002534 
1500 0.012764 0.001008 0.002708 
1510 0.031797 0.000869 0.002586 
1520 0.021739 0.000885 0.002756 
1530 0.006793 0.000893 0.002775 
1540 0.019534 0.000897 0.002624 
1550 0.016123 0.000906 0.002650 
1560 0.015635 0.001019 0.002656 
1570 0.015970 0.000951 0.002962 
1580 0.029478 0.000929 0.002692 
1590 0.022623 0.000945 0.002723 
1600 0.015817 0.000934 0.002667 
1610 0.027450 0.000943 0.002712 
1620 0.009778 0.000953 0.002693 
1630 0.022528 0.000969 0.002755 
1640 0.011868 0.000960 0.002812 
1650 0.014510 0.001249 0.003036 
1660 0.022244 0.001116 0.003648 
1670 0.032066 0.001019 0.003513 
1680 0.038451 0.001073 0.003373 
1690 0.016710 0.000989 0.002976 
1700 0.033401 0.001009 0.003670 
1710 0.019452 0.000994 0.002804 
1720 0.021906 0.001009 0.002776 
1730 0.013554 0.001031 0.002817 
1740 0.048899 0.001065 0.002825 
1750 0.015451 0.001036 0.002806 
1760 0.053834 0.001055 0.002916 
1770 0.034394 0.001041 0.002857 
1780 0.026944 0.001047 0.002903 
1790 0.015445 0.001107 0.002847 
1800 0.015498 0.001074 0.002930 
1810 0.019739 0.001065 0.002915 
1820 0.021793 0.001072 0.002909 
1830 0.023163 0.001096 0.003024 
1840 0.014820 0.001117 0.002975 
1850 0.038971 0.001116 0.002943 
1860 0.029418 0.001147 0.003040 
1870 0.019704 0.001123 0.003062 
1880 0.012169 0.001168 0.003064 
1890 0.022749 0.001161 0.003015 
1900 0.025855 0.001169 0.003053 
1910 0.028243 0.001184 0.003033 
1920 0.010989 0.001147 0.003139 
1930 0.044556 0.001241 0.003092 
1940 0.022668 0.001169 0.003088 
1950 0.022180 0.001172 0.003171 
1960 0.043968 0.001211 0.003103 
1970 0.007066 0.001225 0.003159 
1980 0.013508 0.001184 0.003167 
1990 0.031242 0.001205 0.003188 
2000 0.049210 0.001256 0.003180 
2010 0.012646 0.001224 0.003150 
2020 0.014725 0.001225 0.003153 
2030 0.025781 0.001246 0.003232 
2040 0.014966 0.001270 0.003244 
2050 0.033621 0.001279 0.003141 
2060 0.033653 0.001297 0.003181 
2070 0.036095 0.001247 0.003247 
2080 0.012004 0.001298 0.003315 
2090 0.017243 0.001298 0.003347 
2100 0.033727 0.001284 0.003309 
2110 0.025308 0.001299 0.003364 
2120 0.015974 0.001298 0.003350 
2130 0.021232 0.001355 0.003380 
2140 0.015034 0.001340 0.003377 
2150 0.022966 0.001384 0.003829 
2160 0.015533 0.001278 0.003475 
2170 0.027211 0.001362 0.003587 
2180 0.020916 0.001361 0.003534 
2190 0.047856 0.001324 0.003609 
2200 0.004289 0.001319 0.003556 
2210 0.025219 0.001340 0.003628 
2220 0.017553 0.001376 0.003554 
2230 0.025827 0.001362 0.003638 
2240 0.023068 0.001419 0.003573 
2250 0.027657 0.001446 0.003672 
2260 0.020959 0.001355 0.003665 
2270 0.052146 0.001411 0.003655 
2280 0.018968 0.001382 0.003780 
2290 0.017463 0.001409 0.003703 
2300 0.006554 0.001454 0.003746 
2310 0.015262 0.001410 0.003765 
2320 0.014342 0.001412 0.003796 
2330 0.029371 0.001444 0.003779 
2340 0.012376 0.001458 0.004019 
2350 0.036013 0.001483 0.003975 
2360 0.040992 0.001444 0.003886 
2370 0.016940 0.001528 0.004106 
2380 0.033686 0.001499 0.003869 
2390 0.075259 0.001483 0.003902 
2400 0.008198 0.001470 0.004008 
2410 0.016128 0.001522 0.003994 
2420 0.008678 0.001482 0.004003 
2430 0.021520 0.001490 0.004182 
2440 0.020816 0.001588 0.004069 
2450 0.012735 0.001654 0.004158 
2460 0.026506 0.001512 0.004104 
2470 0.024240 0.001534 0.004188 
2480 0.023002 0.001569 0.004125 
2490 0.019717 0.001529 0.004157 
2500 0.027194 0.001601 0.004118 
2510 0.037667 0.001540 0.004271 
2520 0.025334 0.001584 0.004297 
2530 0.020587 0.001580 0.004260 
2540 0.044488 0.001606 0.004324 
2550 0.036962 0.001572 0.004313 
2560 0.018639 0.001602 0.004375 
2570 0.050845 0.001627 0.004312 
2580 0.037370 0.001642 0.004323 
2590 0.013068 0.001663 0.004340 
2600 0.028252 0.001619 0.004465 
2610 0.015165 0.001624 0.004520 
2620 0.014016 0.001705 0.004548 
2630 0.020595 0.001655 0.004481 
2640 0.018088 0.001621 0.004562 
2650 0.041770 0.001711 0.004491 
2660 0.015973 0.001685 0.004561 
2670 0.017485 0.001634 0.004554 
2680 0.035818 0.001677 0.004586 
2690 0.041954 0.001749 0.005355 
2700 0.034994 0.001686 0.004700 
2710 0.034466 0.001683 0.004822 
2720 0.059753 0.001707 0.004625 
2730 0.106341 0.001702 0.004693 
2740 0.025097 0.001693 0.004650 
2750 0.024703 0.001738 0.004801 
2760 0.045819 0.001765 0.004776 
2770 0.056418 0.001737 0.004866 
2780 0.022681 0.001795 0.004868 
2790 0.019609 0.001740 0.004825 
2800 0.097374 0.001758 0.004847 
2810 0.045064 0.001862 0.004909 
2820 0.026609 0.001929 0.004859 
2830 0.038540 0.001805 0.004861 
2840 0.012481 0.001800 0.004932 
2850 0.035252 0.001859 0.004939 
2860 0.023523 0.001814 0.004981 
2870 0.040493 0.001818 0.004972 
2880 0.021880 0.001868 0.005166 
2890 0.025477 0.001915 0.005104 
2900 0.073628 0.001832 0.005083 
2910 0.043973 0.001853 0.005088 
2920 0.018372 0.001937 0.005115 
2930 0.087524 0.001841 0.005329 
2940 0.031364 0.001893 0.005269 
2950 0.022073 0.001850 0.005389 
2960 0.030955 0.001893 0.005311 
2970 0.004871 0.001896 0.005345 
2980 0.076140 0.001908 0.005312 
2990 0.013235 0.001915 0.005292 
3000 0.024205 0.001915 0.005406 
3010 0.089418 0.001940 0.005228 
3020 0.056369 0.001951 0.005625 
3030 0.026613 0.001933 0.005364 
3040 0.046016 0.001943 0.005495 
3050 0.105231 0.001975 0.005411 
3060 0.016614 0.001949 0.005447 
3070 0.072510 0.001951 0.005549 
3080 0.043100 0.002014 0.005512 
3090 0.043532 0.001941 0.005499 
3100 0.026109 0.001985 0.005575 
3110 0.012316 0.001956 0.005686 
3120 0.095889 0.001967 0.005596 
3130 0.029202 0.001995 0.005517 
3140 0.025724 0.002079 0.005662 
3150 0.038914 0.002012 0.005737 
3160 0.259861 0.002170 0.005584 
3170 0.032892 0.002043 0.005520 
3180 0.024222 0.002029 0.005514 
3190 0.030780 0.002064 0.005506 
3200 0.016993 0.002025 0.005594 
3210 0.051735 0.002062 0.005634 
3220 0.056149 0.001994 0.005547 
3230 0.029890 0.002112 0.005637 
3240 0.053268 0.002127 0.005613 
3250 0.062224 0.002127 0.005626 
3260 0.046782 0.002084 0.005633 
3270 0.030954 0.002070 0.005615 
3280 0.036253 0.002098 0.005692 
3290 0.021630 0.002224 0.005708 
3300 0.036093 0.002119 0.005738 
3310 0.031998 0.002094 0.005650 
3320 0.037827 0.002112 0.005784 
3330 0.114969 0.002158 0.005670 
3340 0.014981 0.002103 0.005681 
3350 0.036587 0.002143 0.005790 
3360 0.056077 0.002228 0.005659 
3370 0.022896 0.002153 0.005716 
3380 0.279157 0.002245 0.005813 
3390 0.052362 0.002128 0.005828 
3400 0.026913 0.002257 0.005804 
3410 0.052171 0.002177 0.005802 
3420 0.023050 0.002239 0.005814 
3430 0.055129 0.002270 0.005959 
3440 0.030622 0.002268 0.005925 
3450 0.020993 0.002157 0.005852 
3460 0.015421 0.002180 0.005873 
3470 0.043608 0.002253 0.005957 
3480 0.049396 0.002314 0.006118 
3490 0.035996 0.002213 0.005865 
3500 0.047852 0.002277 0.005883 
3510 0.011926 0.002333 0.005889 
3520 0.033020 0.002258 0.005883 
3530 0.046832 0.002298 0.005883 
3540 0.038134 0.002243 0.006059 
3550 0.023031 0.002277 0.005999 
3560 0.027308 0.002339 0.005999 
3570 0.030327 0.002354 0.006079 
3580 0.043662 0.002313 0.006072 
3590 0.050717 0.002351 0.006031 
3600 0.023788 0.002279 0.006215 
3610 0.078292 0.002303 0.006036 
3620 0.035417 0.002314 0.006161 
3630 0.013579 0.002337 0.006162 
3640 0.057196 0.002495 0.006048 
3650 0.040005 0.002373 0.006279 
3660 0.038029 0.002405 0.006109 
3670 0.060746 0.002326 0.006075 
3680 0.023484 0.002390 0.006183 
3690 0.035155 0.002361 0.006130 
3700 0.042578 0.002421 0.006109 
3710 0.086845 0.002405 0.006170 
3720 0.021992 0.002363 0.006226 
3730 0.049858 0.002481 0.006335 
3740 0.032388 0.002399 0.006383 
3750 0.037427 0.002391 0.006240 
3760 0.044731 0.002381 0.006345 
3770 0.033611 0.002411 0.006338 
3780 0.026883 0.002411 0.006296 
3790 0.030012 0.002444 0.006218 
3800 0.054773 0.002433 0.006235 
3810 0.080038 0.002545 0.006312 
3820 0.025176 0.002525 0.006365 
3830 0.024120 0.002494 0.006284 
3840 0.022617 0.002484 0.006469 
3850 0.298345 0.002494 0.006328 
3860 0.043254 0.002505 0.006293 
3870 0.064969 0.002461 0.006336 
3880 0.019397 0.002541 0.006385 
3890 0.030427 0.002520 0.006445 
3900 0.067140 0.002515 0.006396 
3910 0.033585 0.002538 0.006504 
3920 0.060700 0.002548 0.006529 
3930 0.019621 0.002629 0.006456 
3940 0.046563 0.002562 0.006413 
3950 0.003397 0.002589 0.006692 
3960 0.017675 0.002543 0.006523 
3970 0.048124 0.002556 0.006438 
3980 0.042341 0.002610 0.006562 
3990 0.041160 0.002622 0.006424 
4000 0.040863 0.002569 0.006526 
4010 0.033962 0.002580 0.006524 
4020 0.012008 0.002581 0.006632 
4030 0.097037 0.002625 0.006634 
4040 0.049663 0.002770 0.006499 
4050 0.017153 0.002671 0.006598 
4060 0.122935 0.002627 0.006510 
4070 0.021111 0.002614 0.006527 
4080 0.037101 0.002686 0.006600 
4090 0.043589 0.002655 0.006628 
4100 0.097855 0.002675 0.006673 
4110 0.025498 0.002670 0.006636 
4120 0.013074 0.002737 0.006699 
4130 0.031136 0.002760 0.006610 
4140 0.029379 0.002678 0.006660 
4150 0.019013 0.002704 0.006726 
4160 0.023661 0.002664 0.006757 
4170 0.036775 0.002728 0.006733 
4180 0.013690 0.002790 0.006782 
4190 0.041435 0.002759 0.006726 
4200 0.029796 0.002769 0.006815 
4210 0.030246 0.002739 0.006897 
4220 0.026788 0.002842 0.006920 
4230 0.018278 0.002778 0.006826 
4240 0.018511 0.002804 0.006953 
4250 0.046024 0.002759 0.006950 
4260 0.047224 0.002825 0.007204 
4270 0.021956 0.002809 0.007246 
4280 0.042471 0.002790 0.007157 
4290 0.067674 0.002820 0.007247 
4300 0.120161 0.002806 0.007046 
4310 0.419814 0.003163 0.007242 
4320 0.037512 0.002919 0.007002 
4330 0.021670 0.002824 0.007203 
4340 0.365988 0.002953 0.007282 
4350 0.012455 0.002840 0.007111 
4360 0.124021 0.002968 0.007271 
4370 0.146623 0.003001 0.007443 
4380 0.063907 0.002856 0.007461 
4390 0.042478 0.002965 0.007798 
4400 0.296773 0.002904 0.007295 
4410 0.043448 0.002885 0.007540 
4420 0.034120 0.002916 0.007425 
4430 0.028124 0.002999 0.007354 
4440 0.051660 0.002877 0.007371 
4450 0.172541 0.002932 0.007438 
4460 0.050338 0.002952 0.007465 
4470 0.024975 0.002946 0.007363 
4480 0.020974 0.003122 0.007539 
4490 0.016270 0.002998 0.007493 
4500 0.067603 0.002945 0.007674 
4510 0.099058 0.002941 0.007443 
4520 0.039928 0.003035 0.007543 
4530 0.071249 0.002988 0.007604 
4540 0.069573 0.002972 0.007770 
4550 0.060554 0.003011 0.007685 
4560 0.468304 0.002983 0.007733 
4570 0.025417 0.003085 0.007776 
4580 0.031648 0.003028 0.007627 
4590 0.031615 0.003017 0.007963 
4600 0.047565 0.003013 0.007784 
4610 0.076364 0.003038 0.007693 
4620 0.334573 0.003040 0.008028 
4630 0.063350 0.003312 0.008381 
4640 0.481812 0.003073 0.007789 
4650 0.103591 0.003244 0.007858 
4660 0.036953 0.003112 0.007828 
4670 0.019673 0.003134 0.007807 
4680 0.033289 0.003103 0.008065 
4690 0.056522 0.003044 0.007869 
4700 0.062776 0.003073 0.007937 
4710 0.015098 0.003068 0.007961 
4720 0.020820 0.003096 0.008069 
4730 0.095922 0.003154 0.008053 
4740 0.058843 0.003201 0.008168 
4750 0.042204 0.003220 0.008055 
4760 0.021152 0.003151 0.008104 
4770 0.175242 0.003184 0.008159 
4780 0.038885 0.003183 0.008104 
4790 0.358968 0.003138 0.008106 
4800 0.045667 0.003140 0.008227 
4810 0.061138 0.003155 0.008573 
4820 0.036436 0.003210 0.008176 
4830 0.041694 0.003217 0.008251 
4840 0.025189 0.003239 0.008183 
4850 0.335520 0.003372 0.008253 
4860 0.022932 0.003308 0.008253 
4870 0.105415 0.003193 0.008422 
4880 0.080230 0.003507 0.008249 
4890 0.031551 0.003348 0.008569 
4900 0.029142 0.003321 0.008328 
4910 0.024238 0.003284 0.008368 
4920 0.028764 0.003262 0.008445 
4930 0.205973 0.003231 0.008408 
4940 0.028435 0.003343 0.009992 
4950 0.225383 0.003406 0.008527 
4960 0.011763 0.003411 0.008535 
4970 0.043595 0.003308 0.008530 
4980 0.047954 0.003295 0.008553 
4990 0.041430 0.003335 0.008631 
5000 0.034869 0.003306 0.008633 
5010 0.667299 0.003282 0.008551 
5020 0.026047 0.003298 0.009293 
5030 0.058811 0.003309 0.008718 
5040 0.574549 0.003904 0.008828 
5050 0.336987 0.003466 0.008693 
5060 0.037900 0.003448 0.008824 
5070 0.027710 0.003484 0.008709 
5080 0.118315 0.003408 0.008731 
5090 0.118394 0.003384 0.008856 
5100 0.036194 0.003405 0.008737 
5110 0.043337 0.003355 0.009054 
5120 0.058105 0.003421 0.008852 
5130 0.044018 0.003438 0.008937 
5140 0.044112 0.003413 0.008981 
5150 0.052687 0.003532 0.008928 
5160 0.028533 0.003538 0.009120 
5170 0.037718 0.003452 0.008955 
5180 0.018003 0.003500 0.008989 
5190 0.032656 0.003560 0.008926 
5200 0.041929 0.003447 0.009499 
5210 0.047568 0.003493 0.008991 
5220 0.167359 0.003502 0.009334 
5230 0.054723 0.003439 0.009000 
5240 0.028508 0.003502 0.009078 
5250 0.044518 0.003511 0.009063 
5260 0.031099 0.003603 0.009247 
5270 0.166149 0.003561 0.009352 
5280 0.137015 0.003586 0.009284 
5290 0.614569 0.003563 0.009298 
5300 0.048740 0.003541 0.009359 
5310 0.039193 0.003600 0.009502 
5320 0.619608 0.003512 0.009335 
5330 0.628658 0.003549 0.009346 
5340 0.056910 0.003612 0.009250 
5350 0.027927 0.003582 0.009352 
5360 0.118334 0.003558 0.009337 
5370 0.026659 0.003590 0.009498 
5380 0.034232 0.003617 0.009427 
5390 0.176879 0.003563 0.009361 
5400 0.027743 0.003560 0.009613 
5410 0.098038 0.003649 0.009435 
5420 0.040948 0.003628 0.009527 
5430 0.028276 0.003560 0.009565 
5440 0.030424 0.003732 0.009626 
5450 0.644285 0.003649 0.009583 
5460 0.103845 0.003811 0.009535 
5470 0.030887 0.003728 0.009765 
5480 0.068079 0.003780 0.010403 
5490 0.647371 0.003718 0.009620 
5500 0.029037 0.003677 0.009695 
5510 0.048769 0.003693 0.009824 
5520 0.054809 0.003775 0.009868 
5530 0.670805 0.003735 0.009777 
5540 0.066721 0.003762 0.009865 
5550 0.017306 0.003785 0.010010 
5560 0.038866 0.003748 0.009925 
5570 0.029754 0.003788 0.009800 
5580 0.049602 0.003788 0.009843 
5590 0.151491 0.003712 0.009899 
5600 0.190166 0.003740 0.009942 
5610 0.224020 0.003779 0.009976 
5620 0.024276 0.003798 0.009969 
5630 0.055101 0.003759 0.009929 
5640 0.674813 0.003760 0.009858 
5650 0.032515 0.003869 0.009939 
5660 0.049920 0.004256 0.010199 
5670 0.678436 0.003771 0.010441 
5680 0.025501 0.003872 0.010180 
5690 0.202559 0.003822 0.010240 
5700 0.017407 0.003816 0.010057 
5710 0.064755 0.003977 0.010421 
5720 0.120912 0.003874 0.010094 
5730 0.079289 0.003885 0.010366 
5740 0.030163 0.003839 0.010236 
5750 0.030993 0.003842 0.010243 
5760 0.155868 0.003977 0.010230 
5770 0.720030 0.003917 0.010273 
5780 0.020626 0.003917 0.010494 
5790 0.030955 0.003889 0.010331 
5800 0.038292 0.003910 0.010611 
5810 0.067871 0.004036 0.010414 
5820 0.027892 0.003906 0.010356 
5830 0.187336 0.003951 0.010401 
5840 0.034804 0.003906 0.010556 
5850 0.047936 0.004074 0.010374 
5860 0.752172 0.003965 0.010481 
5870 0.025199 0.004108 0.010343 
5880 0.057801 0.003980 0.010719 
5890 0.049421 0.003945 0.010541 
5900 0.029146 0.003947 0.010636 
5910 0.746149 0.004030 0.010518 
5920 0.041069 0.003983 0.010674 
5930 0.026566 0.004076 0.010870 
5940 0.027066 0.003990 0.010661 
5950 0.034604 0.004086 0.010914 
5960 0.487896 0.004173 0.011638 
5970 0.734689 0.004010 0.010770 
5980 0.054041 0.004029 0.010653 
5990 0.047308 0.004022 0.011022 
6000 0.020893 0.004151 0.010847 
6010 0.009720 0.004101 0.011014 
6020 0.030603 0.004079 0.010842 
6030 0.061266 0.004033 0.010915 
6040 0.028289 0.004022 0.010779 
6050 0.026158 0.004051 0.010847 
6060 0.787569 0.004090 0.010810 
6070 0.050135 0.004180 0.010856 
6080 0.287045 0.004238 0.010958 
6090 0.070066 0.004210 0.011011 
6100 0.085593 0.004175 0.010994 
6110 0.195190 0.004115 0.011508 
6120 0.024777 0.004129 0.011075 
6130 0.046365 0.004341 0.011089 
6140 0.054742 0.004213 0.011034 
6150 0.045088 0.004158 0.010992 
6160 0.787475 0.004248 0.011139 
6170 0.211421 0.004134 0.011125 
6180 0.046016 0.004201 0.011136 
6190 0.805427 0.004140 0.011035 
6200 0.055217 0.004263 0.011234 
6210 0.823492 0.004143 0.011510 
6220 0.159195 0.004182 0.011152 
6230 0.389896 0.004198 0.011196 
6240 0.029176 0.004256 0.011318 
6250 0.818851 0.004318 0.011243 
6260 0.086046 0.004331 0.011292 
6270 0.050538 0.004331 0.011359 
6280 0.032578 0.004329 0.011417 
6290 0.032218 0.004351 0.011289 
6300 0.041734 0.004362 0.011317 
6310 0.118983 0.004269 0.011368 
6320 0.037106 0.004195 0.011430 
6330 0.130549 0.004221 0.011660 
6340 0.143883 0.004351 0.011382 
6350 0.843972 0.004234 0.011364 
6360 0.316187 0.004392 0.011419 
6370 0.852242 0.004571 0.011360 
6380 0.055347 0.004396 0.011429 
6390 0.015162 0.004413 0.011743 
6400 0.111932 0.004356 0.011584 
6410 0.049264 0.004402 0.011515 
6420 0.027488 0.004411 0.011480 
6430 0.878771 0.004432 0.011399 
6440 0.532999 0.004369 0.011469 
6450 0.272733 0.004516 0.011693 
6460 0.060067 0.004390 0.011490 
6470 0.023674 0.004483 0.011661 
6480 0.891343 0.004514 0.011550 
6490 0.099673 0.004444 0.011510 
6500 0.910844 0.004461 0.011482 
6510 0.078428 0.004450 0.011688 
6520 0.907721 0.004474 0.011695 
6530 0.519196 0.004517 0.011679 
6540 0.028008 0.004473 0.011536 
6550 0.048574 0.004484 0.012437 
6560 0.052269 0.004534 0.011954 
6570 0.034865 0.004695 0.011671 
6580 0.053769 0.004472 0.011842 
6590 0.916040 0.004524 0.011944 
6600 0.370702 0.004442 0.011862 
6610 0.032692 0.004595 0.011637 
6620 0.043851 0.004526 0.011651 
6630 0.030013 0.004558 0.011832 
6640 0.129854 0.004530 0.012195 
6650 0.120441 0.004501 0.011688 
6660 0.961097 0.004679 0.011808 
6670 0.932504 0.005021 0.011967 
6680 0.024569 0.004563 0.011754 
6690 0.016517 0.004643 0.011702 
6700 0.041447 0.004553 0.011785 
6710 0.987396 0.004632 0.011830 
6720 0.420747 0.004772 0.012038 
6730 0.036746 0.004568 0.012013 
6740 0.956135 0.004695 0.011956 
6750 0.046455 0.004642 0.011691 
6760 0.030176 0.004596 0.012171 
6770 0.061488 0.004606 0.011947 
6780 0.124324 0.004616 0.012003 
6790 0.118129 0.005035 0.012287 
6800 1.010787 0.004688 0.012294 
6810 0.096048 0.004717 0.014846 
6820 0.035368 0.004748 0.012607 
6830 0.028858 0.004727 0.016837 
6840 0.040009 0.004689 0.012202 
6850 0.286429 0.004744 0.011954 
6860 0.284612 0.004796 0.011971 
6870 0.020761 0.004951 0.012050 
6880 0.030193 0.004893 0.011991 
6890 0.803076 0.004848 0.012007 
6900 0.624855 0.004827 0.012118 
6910 0.045664 0.004746 0.012242 
6920 1.035688 0.004644 0.012002 
6930 0.070400 0.004832 0.012057 
6940 0.288708 0.004766 0.012534 
6950 0.056016 0.004895 0.011976 
6960 0.405225 0.004872 0.012021 
6970 0.043426 0.004763 0.012095 
6980 0.706269 0.004819 0.012180 
6990 0.063662 0.004778 0.012030 
7000 0.042343 0.004759 0.012161 
7010 1.032905 0.004831 0.012059 
7020 1.049591 0.004808 0.012230 
7030 0.031587 0.004929 0.012434 
7040 0.012459 0.004825 0.012174 
7050 0.034316 0.004827 0.012535 
7060 0.052669 0.004902 0.012269 
7070 1.060919 0.005180 0.012128 
7080 0.044573 0.004998 0.012294 
7090 0.325724 0.004926 0.012216 
7100 0.039470 0.004948 0.012416 
7110 0.060871 0.005058 0.012486 
7120 0.329227 0.004826 0.012216 
7130 1.139379 0.005041 0.012249 
7140 1.092157 0.004951 0.012420 
7150 1.096692 0.005028 0.012488 
7160 1.112511 0.005059 0.012479 
7170 0.054144 0.004942 0.012619 
7180 0.027483 0.005029 0.014568 
7190 0.051519 0.005130 0.012612 
7200 0.037199 0.005027 0.012683 
7210 0.037742 0.004965 0.012459 
7220 0.050643 0.005140 0.012437 
7230 1.140620 0.005009 0.012264 
7240 0.038609 0.004988 0.012482 
7250 0.044890 0.005030 0.012483 
7260 0.190270 0.005032 0.013048 
7270 0.044428 0.005026 0.012523 
7280 1.163644 0.005287 0.012454 
7290 1.111654 0.005249 0.012419 
7300 0.053076 0.005220 0.013084 
7310 0.026716 0.005162 0.012402 
7320 0.048242 0.005088 0.013144 
7330 0.105109 0.005110 0.012625 
7340 0.059944 0.005229 0.012710 
7350 1.192783 0.005096 0.013366 
7360 1.172942 0.005176 0.012562 
7370 0.062271 0.005020 0.012467 
7380 1.220461 0.005408 0.012582 
7390 0.082287 0.005079 0.012778 
7400 0.039166 0.005125 0.013103 
7410 0.313522 0.005251 0.012770 
7420 0.059397 0.005125 0.013172 
7430 0.045792 0.005185 0.013180 
7440 0.060835 0.005338 0.012798 
7450 1.152449 0.005193 0.012696 
7460 0.833629 0.005040 0.012767 
7470 1.196933 0.005538 0.012816 
7480 0.050965 0.005327 0.012710 
7490 0.073374 0.005438 0.012672 
7500 0.259241 0.005185 0.012874 
7510 0.149519 0.005420 0.014410 
7520 0.074851 0.005230 0.012705 
7530 1.227992 0.005247 0.013059 
7540 0.462800 0.005213 0.013447 
7550 0.047632 0.005227 0.013293 
7560 0.017861 0.005257 0.012759 
7570 0.033150 0.005227 0.012880 
7580 1.234919 0.005291 0.013082 
7590 1.261493 0.005224 0.012757 
7600 0.077491 0.005272 0.012840 
7610 0.033675 0.005235 0.013130 
7620 0.306418 0.005284 0.013110 
7630 0.073846 0.005348 0.013275 
7640 0.070410 0.005725 0.012924 
7650 1.291493 0.005210 0.013301 
7660 1.293994 0.005221 0.012901 
7670 0.013715 0.005357 0.012899 
7680 0.042735 0.005607 0.013507 
7690 0.168043 0.005325 0.013026 
7700 0.723387 0.005539 0.013408 
7710 0.174228 0.005463 0.013236 
7720 1.296848 0.005330 0.012949 
7730 0.126708 0.005278 0.013501 
7740 1.324159 0.005467 0.012907 
7750 0.331408 0.005371 0.013061 
7760 0.175451 0.005446 0.014181 
7770 1.294206 0.005440 0.013086 
7780 0.069564 0.005368 0.013095 
7790 0.040222 0.005363 0.013298 
7800 0.056317 0.005405 0.013330 
7810 1.334161 0.005417 0.013058 
7820 1.338861 0.005471 0.013191 
7830 0.512935 0.005529 0.013154 
7840 1.067702 0.005433 0.013056 
7850 0.034158 0.005513 0.013228 
7860 0.387996 0.005532 0.013604 
7870 0.653182 0.005576 0.013861 
7880 0.058486 0.005934 0.013144 
7890 0.071548 0.005620 0.013179 
7900 0.044159 0.005576 0.013546 
7910 0.048257 0.005583 0.013666 
7920 0.186350 0.005785 0.013620 
7930 0.379399 0.005712 0.013388 
7940 0.058817 0.005635 0.014086 
7950 0.598256 0.005550 0.013348 
7960 0.053621 0.005584 0.013275 
7970 0.039586 0.005707 0.013394 
7980 1.458578 0.005557 0.013415 
7990 1.431665 0.005738 0.013313 
8000 0.041797 0.005554 0.013433 
8010 1.423562 0.005538 0.013278 
8020 0.068714 0.005506 0.013528 
8030 0.712857 0.005645 0.013804 
8040 0.604138 0.005729 0.013529 
8050 1.425605 0.005936 0.013761 
8060 0.217017 0.005603 0.013584 
8070 1.475625 0.005684 0.013560 
8080 0.061685 0.005683 0.013459 
8090 0.062487 0.005876 0.013687 
8100 0.053033 0.005772 0.013526 
8110 0.361019 0.005617 0.013511 
8120 0.060412 0.005809 0.013569 
8130 0.453688 0.005711 0.013512 
8140 0.052052 0.005642 0.013426 
8150 0.055246 0.005661 0.013547 
8160 1.472457 0.005874 0.013739 
8170 0.046403 0.005689 0.013553 
8180 0.044749 0.005781 0.013575 
8190 0.061526 0.005738 0.013975 
8200 0.051864 0.005760 0.013621 
8210 1.520834 0.005642 0.013686 
8220 0.371614 0.005734 0.013559 
8230 0.040682 0.005777 0.013595 
8240 0.076675 0.005771 0.013542 
8250 1.581201 0.005728 0.013985 
8260 0.053323 0.006128 0.013936 
8270 0.061537 0.005738 0.013842 
8280 1.549015 0.005920 0.014196 
8290 0.056442 0.006037 0.014211 
8300 0.057100 0.006079 0.016897 
8310 1.598349 0.005961 0.013874 
8320 0.040882 0.005891 0.015701 
8330 0.068974 0.006545 0.014773 
8340 1.560223 0.005800 0.013772 
8350 0.061418 0.005835 0.014049 
8360 1.570207 0.005799 0.013804 
8370 1.547809 0.005856 0.014094 
8380 0.462077 0.005862 0.013991 
8390 0.060395 0.005956 0.014012 
8400 1.585453 0.005870 0.014124 
8410 0.032702 0.005948 0.014161 
8420 1.608091 0.005867 0.014422 
8430 1.622208 0.006444 0.015830 
8440 0.042435 0.005848 0.014551 
8450 1.329776 0.005942 0.014099 
8460 0.599872 0.005974 0.014288 
8470 1.618055 0.005871 0.014309 
8480 0.050725 0.005947 0.014466 
8490 0.067835 0.006168 0.015173 
8500 1.639354 0.006137 0.014295 
8510 1.646673 0.005944 0.014399 
8520 1.655751 0.006082 0.014285 
8530 1.356231 0.006002 0.015550 
8540 1.639190 0.006033 0.015056 
8550 1.675363 0.006020 0.014297 
8560 1.703005 0.006000 0.014529 
8570 0.664786 0.005894 0.014476 
8580 1.661459 0.005929 0.014503 
8590 0.059554 0.006109 0.014671 
8600 0.533370 0.006035 0.014565 
8610 0.070468 0.006232 0.014666 
8620 1.763030 0.006141 0.014547 
8630 0.066643 0.006053 0.014479 
8640 1.692162 0.006477 0.014701 
8650 1.757595 0.006007 0.014893 
8660 0.050208 0.005950 0.014786 
8670 0.807176 0.006148 0.014693 
8680 0.038720 0.005994 0.015072 
8690 0.072317 0.007255 0.014799 
8700 0.032777 0.006468 0.014705 
8710 1.755907 0.006094 0.014886 
8720 1.735653 0.006395 0.014732 
8730 0.163961 0.006113 0.014951 
8740 1.829375 0.006271 0.014847 
8750 1.810416 0.006205 0.015067 
8760 1.762853 0.006222 0.014855 
8770 0.046968 0.006189 0.015257 
8780 1.805921 0.006135 0.015187 
8790 1.862750 0.006119 0.015060 
8800 0.458638 0.006129 0.014945 
8810 1.878075 0.006390 0.015099 
8820 0.060342 0.006215 0.015465 
8830 0.077444 0.006119 0.016859 
8840 1.809205 0.006458 0.015687 
8850 0.062583 0.006234 0.015166 
8860 1.948473 0.006268 0.015234 
8870 0.079385 0.006312 0.015183 
8880 1.878431 0.006249 0.015220 
8890 1.890723 0.006162 0.015165 
8900 1.920919 0.006291 0.015668 
8910 0.354880 0.006493 0.015758 
8920 1.924734 0.006499 0.015407 
8930 0.070993 0.006250 0.015467 
8940 1.929792 0.006495 0.016090 
8950 0.063614 0.006236 0.015643 
8960 1.943164 0.006400 0.015710 
8970 1.952579 0.006271 0.015649 
8980 1.950599 0.006343 0.015421 
8990 0.402880 0.006312 0.015472 
9000 0.028668 0.006288 0.015830 
9010 1.954831 0.006313 0.015484 
9020 0.073938 0.006398 0.015953 
9030 0.055423 0.006393 0.015826 
9040 2.002382 0.006406 0.015810 
9050 0.172004 0.006329 0.015647 
9060 0.093190 0.006341 0.015925 
9070 0.145542 0.006407 0.017793 
9080 2.047223 0.006895 0.019580 
9090 2.003831 0.006388 0.016087 
9100 2.038362 0.006644 0.015873 
9110 0.085542 0.006564 0.015793 
9120 2.051197 0.006439 0.016097 
9130 2.113431 0.006396 0.016006 
9140 2.116444 0.006385 0.015913 
9150 2.028703 0.006478 0.015701 
9160 2.072286 0.006390 0.015892 
9170 0.087736 0.006338 0.018801 
9180 2.149825 0.006445 0.016047 
9190 0.559094 0.006382 0.018574 
9200 0.054173 0.006390 0.016243 
9210 0.072731 0.006415 0.015985 
9220 0.139150 0.006424 0.016608 
9230 2.260019 0.006455 0.016224 
9240 1.067121 0.006508 0.016991 
9250 2.200075 0.006520 0.016632 
9260 2.194751 0.006443 0.016196 
9270 2.167185 0.006586 0.016545 
9280 2.209372 0.006583 0.016276 
9290 2.164022 0.006597 0.016613 
9300 2.200333 0.006798 0.016514 
9310 2.075298 0.006834 0.016581 
9320 2.257995 0.006928 0.016516 
9330 2.265836 0.006648 0.016841 
9340 2.314038 0.006721 0.017000 
9350 0.027728 0.006662 0.016986 
9360 2.308588 0.006707 0.017298 
9370 2.391144 0.006604 0.016661 
9380 0.466967 0.006653 0.017178 
9390 2.333364 0.006606 0.016692 
9400 2.300418 0.006446 0.016853 
9410 0.094620 0.006598 0.016815 
9420 1.803161 0.006822 0.016836 
9430 2.389184 0.006532 0.016881 
9440 2.336234 0.006568 0.016805 
9450 2.437968 0.006634 0.016926 
9460 2.435179 0.006698 0.017246 
9470 0.066004 0.006649 0.017457 
9480 2.437616 0.006709 0.017045 
9490 2.410051 0.006996 0.017332 
9500 2.410161 0.007149 0.016970 
9510 2.430439 0.007280 0.017310 
9520 2.515101 0.007169 0.017760 
9530 0.073792 0.006973 0.018057 
9540 2.512979 0.006799 0.017662 
9550 2.521218 0.006655 0.017385 
9560 2.576398 0.006774 0.017173 
9570 2.551120 0.006693 0.017452 
9580 2.640930 0.006841 0.017765 
9590 0.596436 0.006763 0.017667 
9600 0.059996 0.007236 0.018018 
9610 2.662012 0.006891 0.017917 
9620 2.663088 0.006999 0.017989 
9630 0.235960 0.006859 0.017851 
9640 2.723527 0.006738 0.018081 
9650 2.724697 0.007039 0.018236 
9660 2.657940 0.006815 0.017999 
9670 2.675012 0.006684 0.018113 
9680 2.732544 0.006788 0.017862 
9690 2.744273 0.007199 0.018303 
9700 2.723814 0.007173 0.018529 
9710 2.879832 0.007490 0.019601 
9720 2.779240 0.006920 0.018165 
9730 2.904731 0.006969 0.018387 
9740 3.032282 0.006905 0.018560 
9750 2.899429 0.006963 0.018476 
9760 2.855799 0.006770 0.018375 
9770 2.968144 0.007122 0.018784 
9780 3.102763 0.006967 0.018631 
9790 3.077601 0.007027 0.019029 
9800 3.046069 0.006865 0.018941 
9810 2.977305 0.006840 0.018673 
9820 3.098152 0.007072 0.018978 
9830 2.999108 0.006980 0.018959 
9840 0.168441 0.006848 0.018946 
9850 3.156040 0.006899 0.019358 
9860 3.089238 0.007086 0.019299 
9870 3.112905 0.007028 0.019229 
9880 3.307528 0.007028 0.019513 
9890 3.178633 0.007097 0.019285 
9900 3.246257 0.007474 0.019740 
9910 0.872399 0.007243 0.020635 
9920 3.454012 0.007456 0.020052 
9930 3.616309 0.007037 0.020937 
9940 3.430376 0.007058 0.020398 
9950 3.559193 0.007250 0.021326 
9960 0.121504 0.006925 0.021948 
9970 3.820444 0.006978 0.022345 
9980 3.609674 0.006913 0.021133 
9990 3.967390 0.007299 0.022372 
10000 3.965548 0.007164 0.021855 
