0 0.000002 0.000001 0.000001 
10 0.000160 0.000014 0.000032 
20 0.001541 0.000029 0.000074 
30 0.003665 0.000036 0.000097 
40 0.003709 0.000049 0.000142 
50 0.002960 0.000062 0.000192 
60 0.010902 0.000075 0.000210 
70 0.004481 0.000087 0.000254 
80 0.004616 0.000107 0.000308 
90 0.003017 0.000112 0.000361 
100 0.006282 0.000108 0.000342 
110 0.004240 0.000046 0.000141 
120 0.003019 0.000054 0.000150 
130 0.004137 0.000055 0.000159 
140 0.004582 0.000061 0.000174 
150 0.006876 0.000068 0.000203 
160 0.004085 0.000081 0.000211 
170 0.004277 0.000073 0.000232 
180 0.007776 0.000085 0.000268 
190 0.002457 0.000084 0.000269 
200 0.008014 0.000092 0.000295 
210 0.006057 0.000098 0.000290 
220 0.004830 0.000099 0.000303 
230 0.011156 0.000114 0.000316 
240 0.004618 0.000111 0.000323 
250 0.004455 0.000116 0.000326 
260 0.006505 0.000127 0.000617 
270 0.005559 0.000125 0.000355 
280 0.003940 0.000136 0.000383 
290 0.006803 0.000138 0.000400 
300 0.006679 0.000181 0.000646 
310 0.007459 0.000151 0.000436 
320 0.010074 0.000155 0.000443 
330 0.009877 0.000160 0.000476 
340 0.008123 0.000163 0.000504 
350 0.010624 0.000176 0.000512 
360 0.009681 0.000172 0.000531 
370 0.005380 0.000177 0.000547 
380 0.009281 0.000196 0.000578 
390 0.005769 0.000191 0.000581 
400 0.007871 0.000201 0.000584 
410 0.011277 0.000200 0.000604 
420 0.004310 0.000218 0.000610 
430 0.012422 0.000208 0.000618 
440 0.006389 0.000226 0.000641 
450 0.007449 0.000226 0.000640 
460 0.008006 0.000223 0.000657 
470 0.006428 0.000228 0.000661 
480 0.007484 0.000248 0.000668 
490 0.002799 0.000252 0.000663 
500 0.007321 0.000246 0.000685 
510 0.016018 0.000264 0.000692 
520 0.006636 0.000268 0.000710 
530 0.008600 0.000273 0.000728 
540 0.012188 0.000275 0.000752 
550 0.011530 0.000377 0.000811 
560 0.010147 0.000289 0.000801 
570 0.008779 0.000289 0.000815 
580 0.005254 0.000305 0.000829 
590 0.005446 0.000303 0.000856 
600 0.007126 0.000308 0.000867 
610 0.011149 0.000323 0.000883 
620 0.012441 0.000317 0.000919 
630 0.008339 0.000320 0.000946 
640 0.009865 0.000335 0.000947 
650 0.021833 0.000333 0.000982 
660 0.012342 0.000348 0.000989 
670 0.011525 0.000351 0.001074 
680 0.009223 0.000351 0.001059 
690 0.005036 0.000359 0.001082 
700 0.010087 0.000356 0.001066 
710 0.012153 0.000377 0.001101 
720 0.016978 0.000377 0.001120 
730 0.022952 0.000381 0.001153 
740 0.010524 0.000402 0.001310 
750 0.008152 0.000410 0.001170 
760 0.013830 0.000399 0.001220 
770 0.020660 0.000403 0.001241 
780 0.007185 0.000421 0.001225 
790 0.014165 0.000417 0.001218 
800 0.011806 0.000437 0.001241 
810 0.014468 0.000430 0.001251 
820 0.010847 0.000448 0.001273 
830 0.011820 0.000439 0.001280 
840 0.022060 0.000447 0.001314 
850 0.007598 0.000536 0.001606 
860 0.004237 0.000467 0.001385 
870 0.015155 0.000469 0.001318 
880 0.009402 0.000469 0.001353 
890 0.015250 0.000483 0.001322 
900 0.015704 0.000498 0.001335 
910 0.014939 0.000490 0.001403 
920 0.008653 0.000486 0.001365 
930 0.009148 0.000498 0.001372 
940 0.017727 0.000527 0.001377 
950 0.014610 0.000525 0.001471 
960 0.013121 0.000524 0.001408 
970 0.014106 0.000522 0.001439 
980 0.009120 0.000540 0.001418 
990 0.006816 0.000536 0.001448 
1000 0.016744 0.000568 0.001419 
1010 0.016043 0.000587 0.001712 
1020 0.014581 0.000571 0.001451 
1030 0.012568 0.000567 0.001470 
1040 0.012387 0.000588 0.001543 
1050 0.012243 0.000572 0.001552 
1060 0.010462 0.000580 0.001522 
1070 0.017696 0.000592 0.001557 
1080 0.021030 0.000584 0.001593 
1090 0.017497 0.000610 0.001635 
1100 0.021811 0.000623 0.001589 
1110 0.041383 0.000608 0.001626 
1120 0.021886 0.000621 0.001660 
1130 0.010581 0.000648 0.001676 
1140 0.014863 0.000634 0.001687 
1150 0.012051 0.000625 0.001769 
1160 0.052273 0.000642 0.001762 
1170 0.010721 0.000628 0.001746 
1180 0.016680 0.000657 0.001761 
1190 0.013734 0.000639 0.001797 
1200 0.022018 0.000657 0.001819 
1210 0.021133 0.000672 0.001823 
1220 0.024948 0.000676 0.001860 
1230 0.011116 0.000686 0.001929 
1240 0.010215 0.000691 0.001888 
1250 0.018083 0.000709 0.001914 
1260 0.036755 0.000710 0.001969 
1270 0.022164 0.000712 0.001968 
1280 0.011344 0.000779 0.001999 
1290 0.016077 0.000723 0.002017 
1300 0.008847 0.000732 0.002042 
1310 0.005008 0.000730 0.002047 
1320 0.027152 0.000749 0.002087 
1330 0.025237 0.000755 0.002092 
1340 0.012372 0.000748 0.002126 
1350 0.029674 0.000761 0.002180 
1360 0.026834 0.000781 0.002161 
1370 0.015699 0.000767 0.002241 
1380 0.025569 0.000801 0.002204 
1390 0.026410 0.000797 0.002271 
1400 0.023811 0.000795 0.002228 
1410 0.018080 0.000796 0.002262 
1420 0.014543 0.000815 0.002283 
1430 0.011790 0.000827 0.002287 
1440 0.022364 0.000818 0.002301 
1450 0.038902 0.000813 0.002365 
1460 0.013731 0.000853 0.002404 
1470 0.008446 0.000861 0.002418 
1480 0.012170 0.000855 0.002426 
1490 0.012771 0.000854 0.002429 
1500 0.019018 0.000844 0.002624 
1510 0.025926 0.000873 0.002456 
1520 0.012853 0.000902 0.002491 
1530 0.023637 0.000881 0.002780 
1540 0.032649 0.000869 0.002515 
1550 0.019551 0.000919 0.002580 
1560 0.026468 0.000892 0.002524 
1570 0.014225 0.000887 0.002576 
1580 0.027769 0.000915 0.002568 
1590 0.009216 0.000908 0.002576 
1600 0.022842 0.000948 0.002609 
1610 0.014532 0.000944 0.002586 
1620 0.023620 0.000929 0.002588 
1630 0.034659 0.000939 0.002635 
1640 0.020058 0.000944 0.002668 
1650 0.013698 0.000935 0.002660 
1660 0.035613 0.000954 0.002698 
1670 0.027514 0.000968 0.002632 
1680 0.018633 0.000971 0.002659 
1690 0.020973 0.000967 0.002734 
1700 0.022353 0.001011 0.002722 
1710 0.019597 0.000985 0.002704 
1720 0.023294 0.001000 0.002740 
1730 0.019771 0.000988 0.002962 
1740 0.019998 0.000996 0.002755 
1750 0.022641 0.001023 0.002752 
1760 0.013022 0.001014 0.002748 
1770 0.017346 0.001012 0.002801 
1780 0.026782 0.001024 0.002785 
1790 0.007109 0.001065 0.002814 
1800 0.018637 0.001031 0.002786 
1810 0.043811 0.001046 0.002827 
1820 0.022923 0.001062 0.002830 
1830 0.015414 0.001062 0.002835 
1840 0.020860 0.001072 0.002855 
1850 0.039264 0.001119 0.002843 
1860 0.013489 0.001083 0.002890 
1870 0.018694 0.001077 0.002867 
1880 0.037938 0.001099 0.002879 
1890 0.015286 0.001107 0.002936 
1900 0.022308 0.001123 0.002944 
1910 0.017633 0.001109 0.002918 
1920 0.026480 0.001136 0.003004 
1930 0.017353 0.001146 0.003205 
1940 0.041795 0.001131 0.002960 
1950 0.023534 0.001131 0.002956 
1960 0.027652 0.001186 0.002954 
1970 0.015781 0.001219 0.003135 
1980 0.024170 0.001176 0.003011 
1990 0.019056 0.001189 0.003155 
2000 0.025688 0.001180 0.003020 
2010 0.021446 0.001192 0.003424 
2020 0.029303 0.001203 0.003009 
2030 0.004584 0.001263 0.003060 
2040 0.026589 0.001264 0.003065 
2050 0.012665 0.001199 0.003073 
2060 0.026656 0.001228 0.003076 
2070 0.007468 0.001256 0.003112 
2080 0.012699 0.001259 0.003117 
2090 0.019035 0.001243 0.003190 
2100 0.050180 0.001250 0.003298 
2110 0.019919 0.001301 0.003183 
2120 0.018656 0.001248 0.003207 
2130 0.027704 0.001250 0.003220 
2140 0.028664 0.001395 0.003325 
2150 0.045130 0.001284 0.003340 
2160 0.024650 0.001399 0.003793 
2170 0.016038 0.001294 0.003325 
2180 0.045203 0.001279 0.003365 
2190 0.017183 0.001426 0.003387 
2200 0.024554 0.001290 0.003670 
2210 0.046284 0.001321 0.003380 
2220 0.036029 0.001297 0.003420 
2230 0.040923 0.001341 0.003492 
2240 0.016766 0.001328 0.003453 
2250 0.038007 0.001391 0.003543 
2260 0.027150 0.001337 0.003530 
2270 0.015294 0.001355 0.003547 
2280 0.044685 0.001356 0.003557 
2290 0.033154 0.001378 0.003594 
2300 0.033948 0.001388 0.003638 
2310 0.018571 0.001385 0.003651 
2320 0.023475 0.001410 0.003650 
2330 0.009709 0.001404 0.003648 
2340 0.027222 0.001395 0.003686 
2350 0.022960 0.001390 0.003822 
2360 0.010887 0.001414 0.003744 
2370 0.019644 0.001423 0.003800 
2380 0.069787 0.001422 0.003783 
2390 0.021075 0.001417 0.003769 
2400 0.043664 0.001384 0.003817 
2410 0.031455 0.001466 0.003806 
2420 0.026067 0.001492 0.003916 
2430 0.013711 0.001614 0.003918 
2440 0.060308 0.001447 0.003923 
2450 0.022672 0.001461 0.004162 
2460 0.013395 0.001447 0.003924 
2470 0.025552 0.001533 0.003979 
2480 0.016244 0.001737 0.004344 
2490 0.039025 0.001522 0.004096 
2500 0.028035 0.001472 0.004008 
2510 0.025098 0.001501 0.004058 
2520 0.080418 0.001801 0.004077 
2530 0.014649 0.001496 0.004059 
2540 0.030339 0.001535 0.004135 
2550 0.021336 0.001530 0.004134 
2560 0.019335 0.001605 0.004184 
2570 0.045217 0.002037 0.004338 
2580 0.017568 0.001555 0.004260 
2590 0.046623 0.001618 0.004193 
2600 0.043838 0.001584 0.004231 
2610 0.035777 0.001603 0.004213 
2620 0.014300 0.001636 0.004347 
2630 0.014382 0.001579 0.004939 
2640 0.014136 0.001612 0.004459 
2650 0.034345 0.001649 0.004289 
2660 0.069566 0.001610 0.004386 
2670 0.013203 0.001606 0.004413 
2680 0.054819 0.001740 0.004381 
2690 0.038888 0.001638 0.004420 
2700 0.019064 0.001655 0.004439 
2710 0.038791 0.001875 0.004897 
2720 0.011701 0.001647 0.004537 
2730 0.033419 0.001672 0.004474 
2740 0.020553 0.001641 0.004556 
2750 0.034795 0.001669 0.004537 
2760 0.061614 0.001887 0.004565 
2770 0.024894 0.001722 0.004576 
2780 0.037893 0.001729 0.004704 
2790 0.041326 0.001673 0.004634 
2800 0.016162 0.001712 0.004718 
2810 0.041933 0.001694 0.006412 
2820 0.009901 0.001730 0.004749 
2830 0.014457 0.001995 0.004719 
2840 0.041354 0.001808 0.004748 
2850 0.012832 0.001821 0.004855 
2860 0.015918 0.001749 0.004910 
2870 0.019767 0.001935 0.005164 
2880 0.062248 0.001756 0.004825 
2890 0.016832 0.001761 0.004857 
2900 0.020744 0.001765 0.004915 
2910 0.041831 0.001747 0.004803 
2920 0.040709 0.001861 0.005194 
2930 0.045564 0.001775 0.005609 
2940 0.016506 0.001799 0.005155 
2950 0.058061 0.001815 0.005011 
2960 0.017865 0.001817 0.005085 
2970 0.018615 0.001823 0.005215 
2980 0.031221 0.001863 0.005230 
2990 0.011763 0.001848 0.006215 
3000 0.016646 0.001855 0.005243 
3010 0.018331 0.001855 0.005184 
3020 0.062805 0.001891 0.005207 
3030 0.009589 0.001857 0.005274 
3040 0.063296 0.001847 0.005242 
3050 0.028959 0.002185 0.005211 
3060 0.013769 0.001878 0.005232 
3070 0.027329 0.001859 0.005290 
3080 0.032421 0.001925 0.005220 
3090 0.023119 0.001976 0.005407 
3100 0.045389 0.001886 0.005237 
3110 0.024259 0.001892 0.005378 
3120 0.033265 0.001929 0.005310 
3130 0.013641 0.001939 0.005340 
3140 0.014461 0.001953 0.005334 
3150 0.013242 0.001975 0.005308 
3160 0.033476 0.001979 0.005475 
3170 0.025777 0.001924 0.005381 
3180 0.037400 0.001995 0.005460 
3190 0.056951 0.001966 0.005432 
3200 0.029283 0.001996 0.005378 
3210 0.023422 0.001992 0.005442 
3220 0.015535 0.001990 0.005523 
3230 0.079447 0.002000 0.005446 
3240 0.015089 0.002050 0.006386 
3250 0.079252 0.002078 0.005386 
3260 0.030963 0.002046 0.005520 
3270 0.019667 0.002117 0.005481 
3280 0.020280 0.002168 0.005464 
3290 0.027904 0.002242 0.005529 
3300 0.040525 0.002025 0.005644 
3310 0.020716 0.002070 0.005497 
3320 0.059710 0.002120 0.005624 
3330 0.036387 0.002083 0.005588 
3340 0.013477 0.002301 0.005522 
3350 0.031523 0.002088 0.005578 
3360 0.047151 0.002097 0.005615 
3370 0.040328 0.002069 0.005659 
3380 0.015893 0.002163 0.005729 
3390 0.021305 0.002170 0.005575 
3400 0.023067 0.002113 0.005860 
3410 0.011761 0.002163 0.005611 
3420 0.030223 0.002393 0.005811 
3430 0.033702 0.002166 0.005683 
3440 0.025683 0.002175 0.005642 
3450 0.072604 0.002151 0.005656 
3460 0.020351 0.002524 0.005761 
3470 0.026807 0.002151 0.006502 
3480 0.059732 0.002167 0.005693 
3490 0.071334 0.002121 0.005704 
3500 0.021059 0.002165 0.005735 
3510 0.055701 0.002538 0.005811 
3520 0.044538 0.002282 0.005861 
3530 0.056163 0.002232 0.005755 
3540 0.024434 0.002231 0.006280 
3550 0.010530 0.002281 0.005797 
3560 0.021841 0.002247 0.005830 
3570 0.059918 0.002201 0.005767 
3580 0.040108 0.002263 0.005830 
3590 0.020519 0.002264 0.006104 
3600 0.043861 0.002418 0.005735 
3610 0.077743 0.002260 0.005952 
3620 0.039035 0.002248 0.005847 
3630 0.043917 0.002248 0.006063 
3640 0.025183 0.002421 0.005950 
3650 0.025392 0.002347 0.005862 
3660 0.048834 0.002314 0.006971 
3670 0.078391 0.002332 0.005856 
3680 0.026723 0.002338 0.005969 
3690 0.055192 0.002338 0.006084 
3700 0.026434 0.002380 0.005961 
3710 0.196681 0.002322 0.006489 
3720 0.018457 0.002325 0.006045 
3730 0.045397 0.002365 0.007429 
3740 0.031255 0.002449 0.005975 
3750 0.051008 0.002330 0.006121 
3760 0.042973 0.002367 0.006214 
3770 0.057701 0.002394 0.006012 
3780 0.024770 0.002365 0.006081 
3790 0.012872 0.002448 0.007528 
3800 0.037780 0.002821 0.006385 
3810 0.024066 0.002572 0.006046 
3820 0.019013 0.002451 0.006055 
3830 0.038874 0.002456 0.006255 
3840 0.055273 0.002505 0.006051 
3850 0.025316 0.002486 0.006099 
3860 0.038017 0.002440 0.006175 
3870 0.027756 0.002551 0.006144 
3880 0.081868 0.002518 0.006557 
3890 0.030731 0.002479 0.006967 
3900 0.133787 0.002572 0.006165 
3910 0.015006 0.002494 0.006275 
3920 0.051491 0.002462 0.006140 
3930 0.103157 0.002507 0.006223 
3940 0.038156 0.002507 0.006207 
3950 0.048164 0.002511 0.006148 
3960 0.019319 0.002572 0.006869 
3970 0.042756 0.002517 0.006403 
3980 0.054801 0.002515 0.006443 
3990 0.021710 0.002566 0.006447 
4000 0.031760 0.002599 0.006240 
4010 0.110115 0.002569 0.006448 
4020 0.038111 0.002731 0.006239 
4030 0.011720 0.003423 0.006504 
4040 0.034535 0.002559 0.006320 
4050 0.051474 0.002593 0.006374 
4060 0.013553 0.002566 0.006331 
4070 0.029003 0.002548 0.006523 
4080 0.019755 0.002610 0.006452 
4090 0.046093 0.002929 0.006338 
4100 0.026957 0.002611 0.006455 
4110 0.011269 0.002763 0.007089 
4120 0.028289 0.002638 0.006547 
4130 0.052691 0.003095 0.007733 
4140 0.080128 0.002685 0.006466 
4150 0.018605 0.002672 0.006586 
4160 0.092718 0.002679 0.006525 
4170 0.053226 0.002728 0.006517 
4180 0.019319 0.002880 0.006567 
4190 0.088608 0.002682 0.006552 
4200 0.029683 0.002701 0.007229 
4210 0.031425 0.002665 0.006700 
4220 0.020845 0.002647 0.006717 
4230 0.096715 0.003219 0.008287 
4240 0.048640 0.002746 0.006652 
4250 0.060215 0.002719 0.006819 
4260 0.013180 0.002721 0.006728 
4270 0.033832 0.002766 0.006802 
4280 0.031392 0.002749 0.006646 
4290 0.019540 0.002719 0.006846 
4300 0.041274 0.002795 0.006916 
4310 0.023983 0.002713 0.006811 
4320 0.034337 0.002840 0.007071 
4330 0.039493 0.002743 0.007341 
4340 0.031640 0.002844 0.006871 
4350 0.088391 0.002922 0.006975 
4360 0.091541 0.002889 0.007043 
4370 0.041684 0.002813 0.007779 
4380 0.026981 0.002856 0.007012 
4390 0.025217 0.002902 0.007123 
4400 0.041023 0.002863 0.007272 
4410 0.043474 0.002806 0.007396 
4420 0.024955 0.002797 0.007105 
4430 0.024797 0.002870 0.007174 
4440 0.037218 0.002921 0.007528 
4450 0.053643 0.003009 0.007240 
4460 0.073071 0.002848 0.007109 
4470 0.034370 0.002937 0.007219 
4480 0.094763 0.002956 0.007337 
4490 0.032967 0.002879 0.007290 
4500 0.032495 0.002936 0.007357 
4510 0.051379 0.002901 0.007254 
4520 0.038226 0.002916 0.007334 
4530 0.039222 0.002895 0.008326 
4540 0.055113 0.002990 0.007530 
4550 0.062242 0.003002 0.007716 
4560 0.091102 0.002961 0.007445 
4570 0.038290 0.003097 0.007348 
4580 0.028573 0.002975 0.007344 
4590 0.027512 0.003005 0.007458 
4600 0.046977 0.002986 0.008322 
4610 0.043455 0.003078 0.007492 
4620 0.027601 0.003020 0.007526 
4630 0.058657 0.002986 0.007963 
4640 0.036058 0.002995 0.007793 
4650 0.031750 0.003172 0.007594 
4660 0.030487 0.003307 0.007688 
4670 0.021204 0.003072 0.007611 
4680 0.033350 0.003021 0.008535 
4690 0.024510 0.003055 0.007668 
4700 0.026063 0.003022 0.008730 
4710 0.036808 0.003466 0.007711 
4720 0.031220 0.003371 0.008317 
4730 0.018031 0.003209 0.007755 
4740 0.023999 0.003283 0.007986 
4750 0.021543 0.003104 0.007838 
4760 0.042614 0.003076 0.007956 
4770 0.016204 0.003085 0.007933 
4780 0.061659 0.003276 0.008096 
4790 0.038294 0.003071 0.007845 
4800 0.132987 0.003108 0.008084 
4810 0.024805 0.003150 0.008149 
4820 0.041582 0.003191 0.008127 
4830 0.019618 0.003127 0.008024 
4840 0.038689 0.003097 0.008220 
4850 0.021501 0.003318 0.007979 
4860 0.040254 0.003373 0.008085 
4870 0.019390 0.003268 0.008230 
4880 0.044903 0.003149 0.008212 
4890 0.036758 0.003150 0.008075 
4900 0.025195 0.003247 0.008135 
4910 0.034318 0.003254 0.008210 
4920 0.038975 0.003252 0.008370 
4930 0.033018 0.003297 0.008022 
4940 0.070116 0.003207 0.008417 
4950 0.017761 0.003178 0.008352 
4960 0.023116 0.003380 0.008268 
4970 0.022933 0.003299 0.008436 
4980 0.068827 0.003282 0.008379 
4990 0.060181 0.003247 0.008367 
5000 0.037261 0.003361 0.008654 
5010 0.031736 0.003273 0.009372 
5020 0.050823 0.003344 0.008427 
5030 0.019547 0.003280 0.008473 
5040 0.015418 0.003312 0.008582 
5050 0.047089 0.003426 0.008468 
5060 0.024295 0.003447 0.008505 
5070 0.034276 0.003298 0.008518 
5080 0.067360 0.003351 0.008534 
5090 0.048593 0.003371 0.008550 
5100 0.020696 0.004036 0.009147 
5110 0.021734 0.003361 0.008849 
5120 0.034625 0.003411 0.008610 
5130 0.049737 0.003376 0.008828 
5140 0.029929 0.003331 0.008630 
5150 0.035325 0.003506 0.008656 
5160 0.034443 0.003461 0.008796 
5170 0.042495 0.003425 0.008725 
5180 0.039773 0.003391 0.008911 
5190 0.030704 0.003417 0.008724 
5200 0.038658 0.003442 0.008815 
5210 0.021854 0.003481 0.008797 
5220 0.100730 0.004118 0.010726 
5230 0.013989 0.003473 0.008941 
5240 0.025468 0.003440 0.009019 
5250 0.045039 0.003389 0.008835 
5260 0.016760 0.003640 0.008816 
5270 0.008355 0.003424 0.008906 
5280 0.034571 0.003580 0.009107 
5290 0.057855 0.003502 0.008922 
5300 0.056581 0.003526 0.008992 
5310 0.162186 0.003535 0.009002 
5320 0.030079 0.003614 0.009042 
5330 0.048207 0.003550 0.009037 
5340 0.056968 0.003540 0.009151 
5350 0.091595 0.003580 0.009067 
5360 0.037512 0.003542 0.009294 
5370 0.070768 0.003530 0.009919 
5380 0.065758 0.003533 0.009180 
5390 0.076210 0.003692 0.009207 
5400 0.042700 0.003638 0.009174 
5410 0.041212 0.003682 0.009514 
5420 0.048403 0.003594 0.009467 
5430 0.035564 0.003690 0.009235 
5440 0.028384 0.003661 0.009482 
5450 0.038459 0.003587 0.009503 
5460 0.040751 0.003800 0.009281 
5470 0.059198 0.003739 0.009344 
5480 0.028521 0.003687 0.009398 
5490 0.032095 0.003632 0.009850 
5500 0.024669 0.003622 0.009459 
5510 0.044929 0.003680 0.009516 
5520 0.029792 0.003602 0.009399 
5530 0.078301 0.003762 0.011719 
5540 0.096453 0.003675 0.010535 
5550 0.072726 0.003604 0.009484 
5560 0.039062 0.003627 0.009471 
5570 0.125917 0.003716 0.009837 
5580 0.052467 0.003737 0.009992 
5590 0.020447 0.003702 0.009639 
5600 0.034649 0.003769 0.009614 
5610 0.031195 0.003758 0.009653 
5620 0.028135 0.003979 0.011489 
5630 0.047157 0.003812 0.009972 
5640 0.047140 0.003840 0.009731 
5650 0.019126 0.003731 0.009828 
5660 0.051309 0.004028 0.009841 
5670 0.051206 0.003941 0.009979 
5680 0.042095 0.003733 0.010169 
5690 0.019604 0.003761 0.009694 
5700 0.033482 0.003779 0.010004 
5710 0.011468 0.003759 0.010373 
5720 0.047952 0.003904 0.009876 
5730 0.016992 0.003837 0.010369 
5740 0.101490 0.003719 0.009955 
5750 0.075854 0.003809 0.010139 
5760 0.026162 0.003826 0.009888 
5770 0.056056 0.003820 0.010643 
5780 0.036031 0.003857 0.010016 
5790 0.057348 0.004033 0.010023 
5800 0.123768 0.003927 0.010144 
5810 0.024088 0.003833 0.010102 
5820 0.038736 0.003788 0.011217 
5830 0.033025 0.003995 0.012147 
5840 0.037870 0.003985 0.010592 
5850 0.026710 0.003971 0.010314 
5860 0.055817 0.003996 0.010111 
5870 0.018352 0.004113 0.010274 
5880 0.014626 0.003906 0.010301 
5890 0.263706 0.004053 0.010641 
5900 0.117201 0.004372 0.010386 
5910 0.033349 0.004066 0.010193 
5920 0.050778 0.004104 0.010349 
5930 0.047021 0.003827 0.010290 
5940 0.027086 0.003926 0.010596 
5950 0.062176 0.004399 0.010545 
5960 0.060912 0.003961 0.010544 
5970 0.052867 0.004188 0.010354 
5980 0.133919 0.004026 0.010873 
5990 0.045329 0.004041 0.010551 
6000 0.043682 0.004174 0.010474 
6010 0.048745 0.004115 0.010521 
6020 0.030141 0.004070 0.010664 
6030 0.047013 0.004008 0.010893 
6040 0.122616 0.004061 0.010689 
6050 0.047727 0.004006 0.010551 
6060 0.074291 0.004054 0.010736 
6070 0.053334 0.004105 0.011468 
6080 0.022391 0.004182 0.010687 
6090 0.098284 0.004142 0.010857 
6100 0.017643 0.004301 0.010576 
6110 0.024214 0.004013 0.010880 
6120 0.025550 0.004065 0.010629 
6130 0.079743 0.004069 0.010685 
6140 0.027245 0.004239 0.010774 
6150 0.034631 0.004235 0.010751 
6160 0.048028 0.004168 0.010846 
6170 0.054111 0.004162 0.010816 
6180 0.030851 0.004369 0.010688 
6190 0.037024 0.004135 0.010843 
6200 0.069549 0.004121 0.010847 
6210 0.085003 0.004126 0.011074 
6220 0.342825 0.004139 0.011429 
6230 0.066848 0.004285 0.010965 
6240 0.131323 0.004259 0.011121 
6250 0.072249 0.004447 0.011014 
6260 0.039289 0.004157 0.011454 
6270 0.068062 0.004109 0.012008 
6280 0.123401 0.004174 0.011331 
6290 0.050573 0.004411 0.011164 
6300 0.046078 0.004294 0.011184 
6310 0.035456 0.004283 0.012310 
6320 0.220506 0.004303 0.011881 
6330 0.053172 0.004248 0.010897 
6340 0.034971 0.004664 0.011370 
6350 0.066824 0.004246 0.011180 
6360 0.048619 0.004387 0.011249 
6370 0.062051 0.004397 0.011151 
6380 0.088537 0.004538 0.012085 
6390 0.091789 0.004855 0.011649 
6400 0.044156 0.004305 0.011140 
6410 0.045294 0.004391 0.011696 
6420 0.029557 0.004340 0.011193 
6430 0.018460 0.004321 0.011212 
6440 0.039068 0.004452 0.011042 
6450 0.066610 0.004424 0.011121 
6460 0.037783 0.004376 0.011659 
6470 0.068665 0.004356 0.011180 
6480 0.070303 0.004390 0.011298 
6490 0.044696 0.004366 0.011417 
6500 0.040106 0.004693 0.011185 
6510 0.034273 0.004324 0.011547 
6520 0.073894 0.004323 0.011623 
6530 0.026396 0.004390 0.011288 
6540 0.033403 0.004419 0.011224 
6550 0.060926 0.004587 0.011548 
6560 0.045368 0.004501 0.011260 
6570 0.035954 0.004418 0.011489 
6580 0.029638 0.004431 0.011309 
6590 0.027681 0.004489 0.011306 
6600 0.045945 0.004503 0.012021 
6610 0.069040 0.004515 0.012556 
6620 0.027435 0.004484 0.011513 
6630 0.041842 0.004458 0.011643 
6640 0.242992 0.004425 0.011379 
6650 0.035726 0.004423 0.011485 
6660 0.066602 0.004472 0.011423 
6670 0.046881 0.004858 0.011381 
6680 0.069460 0.004690 0.011500 
6690 0.041185 0.004660 0.011869 
6700 0.055299 0.004654 0.011801 
6710 0.016681 0.004681 0.011812 
6720 0.048458 0.004910 0.011673 
6730 0.021014 0.004528 0.011638 
6740 0.073500 0.004658 0.011638 
6750 0.061965 0.004500 0.011595 
6760 0.027512 0.004648 0.011667 
6770 0.054446 0.004561 0.011633 
6780 0.031614 0.004492 0.011604 
6790 0.051227 0.004831 0.011465 
6800 0.080300 0.004491 0.011728 
6810 0.048818 0.004661 0.011466 
6820 0.031242 0.004612 0.011539 
6830 0.040686 0.004606 0.014198 
6840 0.022250 0.004723 0.011810 
6850 0.020219 0.004541 0.011995 
6860 0.048904 0.004553 0.011481 
6870 0.033919 0.005119 0.011908 
6880 0.039187 0.004734 0.011644 
6890 0.041102 0.004689 0.011644 
6900 0.079525 0.005525 0.012392 
6910 0.061963 0.004991 0.011879 
6920 0.051489 0.004849 0.012426 
6930 0.027113 0.004678 0.011800 
6940 0.061007 0.004634 0.011926 
6950 0.034220 0.004772 0.011747 
6960 0.051607 0.005098 0.011932 
6970 0.065312 0.004947 0.011904 
6980 0.061660 0.004753 0.011915 
6990 0.073426 0.004840 0.011710 
7000 0.120068 0.004680 0.012328 
7010 0.065766 0.004676 0.012289 
7020 0.030742 0.004733 0.011784 
7030 0.043190 0.004881 0.012111 
7040 0.068939 0.004654 0.011765 
7050 0.054814 0.004730 0.011778 
7060 0.018646 0.004827 0.011992 
7070 0.046381 0.004990 0.012959 
7080 0.072936 0.005249 0.012321 
7090 0.047123 0.005070 0.011985 
7100 0.036923 0.004817 0.012217 
7110 0.053068 0.004853 0.012414 
7120 0.048573 0.005435 0.012294 
7130 0.027709 0.004779 0.012188 
7140 0.065693 0.004814 0.012098 
7150 0.071854 0.004926 0.012018 
7160 0.067558 0.004853 0.012175 
7170 0.051834 0.004871 0.012384 
7180 0.046270 0.005139 0.013146 
7190 0.046650 0.005468 0.015742 
7200 0.034570 0.005571 0.012091 
7210 0.027952 0.005125 0.012100 
7220 0.051433 0.004923 0.012480 
7230 0.088491 0.004985 0.012133 
7240 0.041750 0.004819 0.012084 
7250 0.042810 0.004931 0.012118 
7260 0.041529 0.004979 0.012102 
7270 0.051706 0.004987 0.012685 
7280 0.042034 0.005116 0.012184 
7290 0.073996 0.004957 0.012054 
7300 0.062058 0.005038 0.012152 
7310 0.026606 0.004988 0.012915 
7320 0.061413 0.005012 0.012436 
7330 0.101932 0.004985 0.012434 
7340 0.075770 0.005027 0.012383 
7350 0.069397 0.005057 0.012762 
7360 0.040648 0.004940 0.012185 
7370 0.053205 0.005028 0.011980 
7380 0.043950 0.004989 0.012446 
7390 0.040929 0.005113 0.012506 
7400 0.078175 0.005752 0.012273 
7410 0.054549 0.004940 0.014853 
7420 0.048602 0.005015 0.012239 
7430 0.072423 0.005085 0.012683 
7440 0.067803 0.005061 0.012574 
7450 0.041463 0.005170 0.012959 
7460 0.064550 0.005146 0.012248 
7470 0.042581 0.005098 0.012337 
7480 0.054301 0.004932 0.012254 
7490 0.044408 0.005319 0.012271 
7500 0.056536 0.005246 0.012203 
7510 0.066131 0.005181 0.012545 
7520 0.370709 0.005142 0.013049 
7530 0.044915 0.005148 0.012422 
7540 0.093034 0.005779 0.012642 
7550 0.049156 0.005092 0.012429 
7560 0.061137 0.005138 0.012354 
7570 0.061493 0.005089 0.012510 
7580 0.073455 0.005266 0.012375 
7590 0.084795 0.005077 0.012568 
7600 0.039876 0.005110 0.012818 
7610 0.070620 0.005983 0.013181 
7620 0.033340 0.005123 0.014486 
7630 0.065242 0.005523 0.012963 
7640 0.040896 0.005335 0.012669 
7650 0.057513 0.005214 0.012451 
7660 0.058194 0.005399 0.012628 
7670 0.059865 0.005140 0.012710 
7680 0.174962 0.005506 0.013147 
7690 0.052189 0.005429 0.012540 
7700 0.059071 0.005326 0.012487 
7710 0.055629 0.005219 0.012885 
7720 0.039457 0.005432 0.012949 
7730 0.074126 0.005164 0.012524 
7740 0.078713 0.005307 0.012751 
7750 0.085443 0.005344 0.013396 
7760 0.031884 0.005401 0.013944 
7770 0.064627 0.005443 0.012740 
7780 0.040949 0.005617 0.015269 
7790 0.050325 0.005657 0.013131 
7800 0.091453 0.005486 0.013656 
7810 0.039765 0.005376 0.012654 
7820 0.032846 0.005325 0.012675 
7830 0.054879 0.005420 0.012885 
7840 0.067174 0.005378 0.014039 
7850 0.058928 0.005406 0.012881 
7860 0.059840 0.005727 0.013499 
7870 0.041981 0.005465 0.013686 
7880 0.041211 0.005734 0.013287 
7890 0.065011 0.005753 0.012892 
7900 0.046262 0.006078 0.014336 
7910 0.074253 0.005756 0.012892 
7920 0.047370 0.005666 0.013016 
7930 0.051618 0.005454 0.012961 
7940 0.075605 0.005798 0.014735 
7950 0.079090 0.005770 0.012936 
7960 0.178500 0.005478 0.013239 
7970 0.019505 0.006232 0.013540 
7980 0.056781 0.005833 0.012694 
7990 0.053887 0.005417 0.012986 
8000 0.045064 0.005564 0.014095 
8010 0.063808 0.006036 0.014325 
8020 0.064396 0.005554 0.012781 
8030 0.046949 0.005571 0.013077 
8040 0.022380 0.005486 0.012807 
8050 0.017312 0.005706 0.013032 
8060 0.055196 0.005561 0.012953 
8070 0.222792 0.005502 0.013893 
8080 0.047643 0.005737 0.013029 
8090 0.059025 0.005743 0.013653 
8100 0.071565 0.005767 0.013056 
8110 0.061565 0.006956 0.013371 
8120 0.034857 0.005576 0.012891 
8130 0.056677 0.005586 0.013846 
8140 0.074123 0.005658 0.013056 
8150 0.081050 0.005554 0.013105 
8160 0.055750 0.005689 0.013104 
8170 0.043030 0.005891 0.013275 
8180 0.071029 0.005763 0.013433 
8190 0.027939 0.005586 0.012902 
8200 0.074079 0.005651 0.013363 
8210 0.056607 0.005629 0.013358 
8220 0.051935 0.005726 0.013372 
8230 0.056297 0.005791 0.013391 
8240 0.020738 0.005757 0.013786 
8250 0.026360 0.006495 0.013213 
8260 0.051257 0.005811 0.013342 
8270 0.086538 0.005881 0.013354 
8280 0.043986 0.005873 0.013591 
8290 0.041255 0.005992 0.013291 
8300 0.019169 0.005633 0.013611 
8310 0.046231 0.006056 0.013364 
8320 0.095125 0.005875 0.013289 
8330 0.072002 0.006163 0.014398 
8340 0.059641 0.005590 0.013917 
8350 0.029473 0.005746 0.013382 
8360 0.045103 0.005745 0.013378 
8370 0.062657 0.005883 0.013571 
8380 0.065670 0.005930 0.013640 
8390 0.046044 0.005713 0.014285 
8400 0.090193 0.006183 0.013972 
8410 0.078990 0.005687 0.014633 
8420 0.048231 0.005714 0.014086 
8430 0.053592 0.006527 0.013917 
8440 0.024606 0.005654 0.013608 
8450 0.045143 0.005793 0.014498 
8460 0.050166 0.005881 0.014783 
8470 0.061343 0.005824 0.013872 
8480 0.078237 0.006032 0.013809 
8490 0.076049 0.006027 0.014267 
8500 0.048340 0.006208 0.014309 
8510 0.047735 0.005899 0.014309 
8520 0.080173 0.005852 0.013801 
8530 0.070628 0.005879 0.014761 
8540 0.071462 0.006006 0.015744 
8550 0.058349 0.005954 0.014464 
8560 0.061596 0.005919 0.014346 
8570 0.025621 0.005938 0.014432 
8580 0.052878 0.006063 0.015347 
8590 0.081597 0.006134 0.015249 
8600 0.072698 0.005873 0.014132 
8610 0.026446 0.005986 0.014976 
8620 0.081152 0.005940 0.014487 
8630 0.049400 0.006017 0.014336 
8640 0.078066 0.005975 0.014690 
8650 0.055956 0.005860 0.014385 
8660 0.053767 0.005851 0.015211 
8670 0.047802 0.006014 0.014308 
8680 0.091578 0.006022 0.014609 
8690 0.091488 0.007392 0.014504 
8700 0.056299 0.006175 0.014375 
8710 0.033917 0.006142 0.014515 
8720 0.059679 0.005963 0.014255 
8730 0.070365 0.006071 0.014855 
8740 0.064489 0.006043 0.014752 
8750 0.064081 0.006657 0.014258 
8760 0.060903 0.006270 0.015557 
8770 0.077501 0.005963 0.014322 
8780 0.050512 0.006254 0.014525 
8790 0.063977 0.006081 0.014558 
8800 0.066388 0.006034 0.015123 
8810 0.058638 0.006153 0.014865 
8820 0.089187 0.006121 0.015138 
8830 0.087150 0.006882 0.015103 
8840 0.068883 0.006026 0.014559 
8850 0.054976 0.006093 0.014640 
8860 0.071788 0.006072 0.015434 
8870 0.044280 0.006093 0.014989 
8880 0.088360 0.006122 0.014686 
8890 0.045309 0.006767 0.014913 
8900 0.172316 0.006487 0.016217 
8910 0.072144 0.006652 0.014949 
8920 0.053679 0.006469 0.014989 
8930 0.079269 0.006170 0.014901 
8940 0.098271 0.006126 0.015494 
8950 0.058997 0.006322 0.015126 
8960 0.066164 0.006370 0.015414 
8970 0.048065 0.006286 0.016108 
8980 0.086628 0.006159 0.015265 
8990 0.038874 0.006240 0.015235 
9000 0.048068 0.006132 0.015672 
9010 0.073376 0.006719 0.016770 
9020 0.099593 0.006242 0.015088 
9030 0.059777 0.006290 0.015327 
9040 0.051446 0.006298 0.015056 
9050 0.058639 0.006408 0.015965 
9060 0.082055 0.006262 0.017874 
9070 0.057004 0.006144 0.015880 
9080 0.079375 0.006290 0.016008 
9090 0.064260 0.006706 0.015296 
9100 0.043934 0.006947 0.015256 
9110 0.068859 0.007305 0.015576 
9120 0.031778 0.006485 0.016665 
9130 0.099082 0.006184 0.015918 
9140 0.039569 0.006571 0.016674 
9150 0.037869 0.006357 0.016208 
9160 0.076882 0.006374 0.015357 
9170 0.077722 0.006229 0.015397 
9180 0.065222 0.006318 0.016919 
9190 0.097772 0.006780 0.015779 
9200 0.045964 0.006401 0.016277 
9210 0.059990 0.006444 0.017059 
9220 0.080074 0.006446 0.015990 
9230 0.061539 0.006338 0.017284 
9240 0.080217 0.006436 0.016043 
9250 0.052335 0.006267 0.015752 
9260 0.098093 0.006704 0.016081 
9270 0.059440 0.006399 0.015886 
9280 0.066578 0.006560 0.015955 
9290 0.037201 0.006393 0.015788 
9300 0.091168 0.007537 0.015917 
9310 0.096240 0.006655 0.016118 
9320 0.021086 0.006466 0.015973 
9330 0.029758 0.006467 0.016002 
9340 0.053239 0.006552 0.017907 
9350 0.081066 0.006583 0.016239 
9360 0.119500 0.006396 0.016962 
9370 0.076795 0.006645 0.019816 
9380 0.094208 0.006626 0.018424 
9390 0.054714 0.006464 0.016625 
9400 0.075308 0.006504 0.016345 
9410 0.052948 0.006417 0.016595 
9420 0.060332 0.006841 0.016850 
9430 0.051731 0.006556 0.016887 
9440 0.088765 0.006712 0.016387 
9450 0.050497 0.006491 0.016888 
9460 0.086298 0.006481 0.016742 
9470 0.037427 0.007293 0.016405 
9480 0.041438 0.006620 0.017446 
9490 0.071075 0.006714 0.016933 
9500 0.059849 0.007023 0.016423 
9510 0.055908 0.006876 0.016375 
9520 0.063775 0.006825 0.016314 
9530 0.054287 0.006806 0.016509 
9540 0.058835 0.006868 0.016765 
9550 0.055369 0.006689 0.016626 
9560 0.072344 0.006688 0.016781 
9570 0.038495 0.006537 0.017642 
9580 0.042760 0.007036 0.016776 
9590 0.100608 0.006602 0.016726 
9600 0.094987 0.007207 0.016972 
9610 0.058056 0.006673 0.016778 
9620 0.070808 0.006760 0.016923 
9630 0.044955 0.006724 0.016792 
9640 0.050225 0.006718 0.017222 
9650 0.086270 0.006896 0.018237 
9660 0.104538 0.006651 0.017350 
9670 0.055453 0.006707 0.017140 
9680 0.045414 0.006686 0.017457 
9690 0.072372 0.006726 0.017281 
9700 0.066655 0.007083 0.017577 
9710 0.132643 0.006973 0.017310 
9720 0.066254 0.007130 0.018729 
9730 0.077915 0.006931 0.017423 
9740 0.087688 0.006795 0.017531 
9750 0.096307 0.006935 0.018769 
9760 0.131787 0.006706 0.017913 
9770 0.049717 0.006715 0.018234 
9780 0.031310 0.006892 0.017847 
9790 0.035638 0.006765 0.018025 
9800 0.080522 0.006751 0.018698 
9810 0.094049 0.006876 0.018014 
9820 0.106697 0.006772 0.018382 
9830 0.132788 0.006899 0.018302 
9840 0.035323 0.006873 0.018295 
9850 0.049410 0.007091 0.018419 
9860 0.023529 0.007168 0.018333 
9870 0.058060 0.006904 0.018789 
9880 0.120253 0.006926 0.020555 
9890 0.059308 0.006834 0.018679 
9900 0.069009 0.007472 0.018589 
9910 0.061153 0.007467 0.019114 
9920 0.077939 0.007273 0.019741 
9930 0.077261 0.007558 0.019466 
9940 0.096934 0.007020 0.020026 
9950 0.066149 0.006941 0.019615 
9960 0.046535 0.007326 0.020162 
9970 0.123718 0.006930 0.022226 
9980 0.018322 0.006970 0.021125 
9990 0.139438 0.007322 0.021079 
10000 0.036201 0.007117 0.022339 
